255 255 255 255 255 255 255 255 255 255 255 255 255 255 255 255
255  73  40  40  40  60 255 208  40 114  60  40  40  40  73 255
255  40 213 151 206  24 156  81 118  88  24 206 151 213  40 255
255  40 151   0 135  24  93  60 247  88  24 135   0 151  40 255
255  40 206 135 199  24 166 162 149 177  24 199 135 206  40 255
255  60  24  24  24  46 103 186 204 103  46  24  24  24  60 255
255 114  88  88 177  88  88 187 124 197 239 166  93 156 255 255
255 208  81  60 225 186  19  44  44   0  51  56   8 222  87 255
255  40  81  60 132 186  19  44  44   0 231 255   2  23 255 255
255 255 187 250 166  88 140 236 236  58  16 167   5 120  40 255
255  60  24  24  24  46  88 250  69 152   0 231 224  14 235 255
255  40 206 135 199  24 177  56 162 255 255 183 120 120 154 255
255  40 151   0 135  24  88 249  62   3   1   8   8 255 255 255
255  40 213 151 206  24  88 174 137  36  10 104   3 193 255 255
255  73  40  40  40  60 114 208 208 114 255 141  47 127 255 255
255 255 255 255 255 255 255 255 255 255 255 255 255 255 255 255
255 255 255 255 255 255 255 255 255 255 255 255 255 255 255 255
255  73  40  40  40  60 255 208  40 114  60  40  40  40  73 255
255  40 213 151 206  24 156  81 118  88  24 206 151 213  40 255
255  40 151   0 135  24  93  60 247  88  24 135   0 151  40 255
255  40 206 135 199  24 166 162 149 177  24 199 135 206  40 255
255  60  24  24  24  46 103 186 204 103  46  24  24  24  60 255
255 114  88  88 177  88  88 187 124 197 239 166  93 156 255 255
255 208  81  60 225 186  19  44  44   0  51  56   8 222  87 255
255  40  81  60 132 186  19  44  44   0 231 255   2  23 255 255
255 255 187 250 166  88 140 236 236  58  16 167   5 120  40 255
255  60  24  24  24  46  88 250  69 152   0 231 224  14 235 255
255  40 206 135 199  24 177  56 162 255 255 183 120 120 154 255
255  40 151   0 135  24  88 249  62   3   1   8   8 255 255 255
255  40 213 151 206  24  88 174 137  36  10 104   3 193 255 255
255  73  40  40  40  60 114 208 208 114 255 141  47 127 255 255
255 255 255 255 255 255 255 255 255 255 255 255 255 255 255 255
255 255 255 255 255 255 255 255 255 255 255 255 255 255 255 255
255  73  40  40  40  60 255 208  40 114  60  40  40  40  73 255
255  40 213 151 206  24 156  81 118  88  24 206 151 213  40 255
255  40 151   0 135  24  93  60 247  88  24 135   0 151  40 255
255  40 206 135 199  24 166 162 149 177  24 199 135 206  40 255
255  60  24  24  24  46 103 186 204 103  46  24  24  24  60 255
255 114  88  88 177  88  88 187 124 197 239 166  93 156 255 255
255 208  81  60 225 186  19  44  44   0  51  56   8 222  87 255
255  40  81  60 132 186  19  44  44   0 231 255   2  23 255 255
255 255 187 250 166  88 140 236 236  58  16 167   5 120  40 255
255  60  24  24  24  46  88 250  69 152   0 231 224  14 235 255
255  40 206 135 199  24 177  56 162 255 255 183 120 120 154 255
255  40 151   0 135  24  88 249  62   3   1   8   8 255 255 255
255  40 213 151 206  24  88 174 137  36  10 104   3 193 255 255
255  73  40  40  40  60 114 208 208 114 255 141  47 127 255 255
255 255 255 255 255 255 255 255 255 255 255 255 255 255 255 255

255 255 255 255 255 255 255 255 255 255 255 255 255 255 255 255
255  73  40  40  40  60 255  87 255  40 235 154 255 255 255 255
255  40 213 151 206  24 156 222  23 120  14 120 255 193 127 255
255  40 151   0 135  24  93   8   2   5 224 120   8   3  47 255
255  40 206 135 199  24 166  56 255 167 231 183   8 104 141 255
255  60  24  24  24  46 239  51 231  16   0 255   1  10 255 255
255 114  88  88 177 103 197   0   0  58 152 255   3  36 114 255
255  40 118 247 149 204 124  44  44 236  69 162  62 137 208 255
255 208  81  60 162 186 187  44  44 236 250  56 249 174 208 255
255 255 156  93 166 103  88  19  19 140  88 177  88  88 114 255
255  60  24  24  24  46  88 186 186  88  46  24  24  24  60 255
255  40 206 135 199  24 177 225 132 166  24 199 135 206  40 255
255  40 151   0 135  24  88  60  60 250  24 135   0 151  40 255
255  40 213 151 206  24  88  81  81 187  24 206 151 213  40 255
255  73  40  40  40  60 114 208  40 255  60  40  40  40  73 255
255 255 255 255 255 255 255 255 255 255 255 255 255 255 255 255
255 255 255 255 255 255 255 255 255 255 255 255 255 255 255 255
255  73  40  40  40  60 255  87 255  40 235 154 255 255 255 255
255  40 213 151 206  24 156 222  23 120  14 120 255 193 127 255
255  40 151   0 135  24  93   8   2   5 224 120   8   3  47 255
255  40 206 135 199  24 166  56 255 167 231 183   8 104 141 255
255  60  24  24  24  46 239  51 231  16   0 255   1  10 255 255
255 114  88  88 177 103 197   0   0  58 152 255   3  36 114 255
255  40 118 247 149 204 124  44  44 236  69 162  62 137 208 255
255 208  81  60 162 186 187  44  44 236 250  56 249 174 208 255
255 255 156  93 166 103  88  19  19 140  88 177  88  88 114 255
255  60  24  24  24  46  88 186 186  88  46  24  24  24  60 255
255  40 206 135 199  24 177 225 132 166  24 199 135 206  40 255
255  40 151   0 135  24  88  60  60 250  24 135   0 151  40 255
255  40 213 151 206  24  88  81  81 187  24 206 151 213  40 255
255  73  40  40  40  60 114 208  40 255  60  40  40  40  73 255
255 255 255 255 255 255 255 255 255 255 255 255 255 255 255 255
255 255 255 255 255 255 255 255 255 255 255 255 255 255 255 255
255  73  40  40  40  60 255  87 255  40 235 154 255 255 255 255
255  40 213 151 206  24 156 222  23 120  14 120 255 193 127 255
255  40 151   0 135  24  93   8   2   5 224 120   8   3  47 255
255  40 206 135 199  24 166  56 255 167 231 183   8 104 141 255
255  60  24  24  24  46 239  51 231  16   0 255   1  10 255 255
255 114  88  88 177 103 197   0   0  58 152 255   3  36 114 255
255  40 118 247 149 204 124  44  44 236  69 162  62 137 208 255
255 208  81  60 162 186 187  44  44 236 250  56 249 174 208 255
255 255 156  93 166 103  88  19  19 140  88 177  88  88 114 255
255  60  24  24  24  46  88 186 186  88  46  24  24  24  60 255
255  40 206 135 199  24 177 225 132 166  24 199 135 206  40 255
255  40 151   0 135  24  88  60  60 250  24 135   0 151  40 255
255  40 213 151 206  24  88  81  81 187  24 206 151 213  40 255
255  73  40  40  40  60 114 208  40 255  60  40  40  40  73 255
255 255 255 255 255 255 255 255 255 255 255 255 255 255 255 255

255 255 255 255 255 255 255 255 255 255 255 255 255 255 255 255
255 255 127  47 141 255 114 208 208 114  60  40  40  40  73 255
255 255 193   3 104  10  36 137 174  88  24 206 151 213  40 255
255 255 255   8   8   1   3  62 249  88  24 135   0 151  40 255
255 154 120 120 183 255 255 162  56 177  24 199 135 206  40 255
255 235  14 224 231   0 152  69 250  88  46  24  24  24  60 255
255  40 120   5 167  16  58 236 236 140  88 166 250 187 255 255
255 255  23   2 255 231   0  44  44  19 186 132  60  81  40 255
255  87 222   8  56  51   0  44  44  19 186 225  60  81 208 255
255 255 156  93 166 239 197 124 187  88  88 177  88  88 114 255
255  60  24  24  24  46 103 204 186 103  46  24  24  24  60 255
255  40 206 135 199  24 177 149 162 166  24 199 135 206  40 255
255  40 151   0 135  24  88 247  60  93  24 135   0 151  40 255
255  40 213 151 206  24  88 118  81 156  24 206 151 213  40 255
255  73  40  40  40  60 114  40 208 255  60  40  40  40  73 255
255 255 255 255 255 255 255 255 255 255 255 255 255 255 255 255
255 255 255 255 255 255 255 255 255 255 255 255 255 255 255 255
255 255 127  47 141 255 114 208 208 114  60  40  40  40  73 255
255 255 193   3 104  10  36 137 174  88  24 206 151 213  40 255
255 255 255   8   8   1   3  62 249  88  24 135   0 151  40 255
255 154 120 120 183 255 255 162  56 177  24 199 135 206  40 255
255 235  14 224 231   0 152  69 250  88  46  24  24  24  60 255
255  40 120   5 167  16  58 236 236 140  88 166 250 187 255 255
255 255  23   2 255 231   0  44  44  19 186 132  60  81  40 255
255  87 222   8  56  51   0  44  44  19 186 225  60  81 208 255
255 255 156  93 166 239 197 124 187  88  88 177  88  88 114 255
255  60  24  24  24  46 103 204 186 103  46  24  24  24  60 255
255  40 206 135 199  24 177 149 162 166  24 199 135 206  40 255
255  40 151   0 135  24  88 247  60  93  24 135   0 151  40 255
255  40 213 151 206  24  88 118  81 156  24 206 151 213  40 255
255  73  40  40  40  60 114  40 208 255  60  40  40  40  73 255
255 255 255 255 255 255 255 255 255 255 255 255 255 255 255 255
255 255 255 255 255 255 255 255 255 255 255 255 255 255 255 255
255 255 127  47 141 255 114 208 208 114  60  40  40  40  73 255
255 255 193   3 104  10  36 137 174  88  24 206 151 213  40 255
255 255 255   8   8   1   3  62 249  88  24 135   0 151  40 255
255 154 120 120 183 255 255 162  56 177  24 199 135 206  40 255
255 235  14 224 231   0 152  69 250  88  46  24  24  24  60 255
255  40 120   5 167  16  58 236 236 140  88 166 250 187 255 255
255 255  23   2 255 231   0  44  44  19 186 132  60  81  40 255
255  87 222   8  56  51   0  44  44  19 186 225  60  81 208 255
255 255 156  93 166 239 197 124 187  88  88 177  88  88 114 255
255  60  24  24  24  46 103 204 186 103  46  24  24  24  60 255
255  40 206 135 199  24 177 149 162 166  24 199 135 206  40 255
255  40 151   0 135  24  88 247  60  93  24 135   0 151  40 255
255  40 213 151 206  24  88 118  81 156  24 206 151 213  40 255
255  73  40  40  40  60 114  40 208 255  60  40  40  40  73 255
255 255 255 255 255 255 255 255 255 255 255 255 255 255 255 255

255 255 255 255 255 255 255 255 255 255 255 255 255 255 255 255
255  73  40  40  40  60 255  40 208 114  60  40  40  40  73 255
255  40 213 151 206  24 187  81  81  88  24 206 151 213  40 255
255  40 151   0 135  24 250  60  60  88  24 135   0 151  40 255
255  40 206 135 199  24 166 132 225 177  24 199 135 206  40 255
255  60  24  24  24  46  88 186 186  88  46  24  24  24  60 255
255 114  88  88 177  88 140  19  19  88 103 166  93 156 255 255
255 208 174 249  56 250 236  44  44 187 186 162  60  81 208 255
255 208 137  62 162  69 236  44  44 124 204 149 247 118  40 255
255 114  36   3 255 152  58   0   0 197 103 177  88  88 114 255
255 255  10   1 255   0  16 231  51 239  46  24  24  24  60 255
255 141 104   8 183 231 167 255  56 166  24 199 135 206  40 255
255  47   3   8 120 224   5   2   8  93  24 135   0 151  40 255
255 127 193 255 120  14 120  23 222 156  24 206 151 213  40 255
255 255 255 255 154 235  40 255  87 255  60  40  40  40  73 255
255 255 255 255 255 255 255 255 255 255 255 255 255 255 255 255
255 255 255 255 255 255 255 255 255 255 255 255 255 255 255 255
255  73  40  40  40  60 255  40 208 114  60  40  40  40  73 255
255  40 213 151 206  24 187  81  81  88  24 206 151 213  40 255
255  40 151   0 135  24 250  60  60  88  24 135   0 151  40 255
255  40 206 135 199  24 166 132 225 177  24 199 135 206  40 255
255  60  24  24  24  46  88 186 186  88  46  24  24  24  60 255
255 114  88  88 177  88 140  19  19  88 103 166  93 156 255 255
255 208 174 249  56 250 236  44  44 187 186 162  60  81 208 255
255 208 137  62 162  69 236  44  44 124 204 149 247 118  40 255
255 114  36   3 255 152  58   0   0 197 103 177  88  88 114 255
255 255  10   1 255   0  16 231  51 239  46  24  24  24  60 255
255 141 104   8 183 231 167 255  56 166  24 199 135 206  40 255
255  47   3   8 120 224   5   2   8  93  24 135   0 151  40 255
255 127 193 255 120  14 120  23 222 156  24 206 151 213  40 255
255 255 255 255 154 235  40 255  87 255  60  40  40  40  73 255
255 255 255 255 255 255 255 255 255 255 255 255 255 255 255 255
255 255 255 255 255 255 255 255 255 255 255 255 255 255 255 255
255  73  40  40  40  60 255  40 208 114  60  40  40  40  73 255
255  40 213 151 206  24 187  81  81  88  24 206 151 213  40 255
255  40 151   0 135  24 250  60  60  88  24 135   0 151  40 255
255  40 206 135 199  24 166 132 225 177  24 199 135 206  40 255
255  60  24  24  24  46  88 186 186  88  46  24  24  24  60 255
255 114  88  88 177  88 140  19  19  88 103 166  93 156 255 255
255 208 174 249  56 250 236  44  44 187 186 162  60  81 208 255
255 208 137  62 162  69 236  44  44 124 204 149 247 118  40 255
255 114  36   3 255 152  58   0   0 197 103 177  88  88 114 255
255 255  10   1 255   0  16 231  51 239  46  24  24  24  60 255
255 141 104   8 183 231 167 255  56 166  24 199 135 206  40 255
255  47   3   8 120 224   5   2   8  93  24 135   0 151  40 255
255 127 193 255 120  14 120  23 222 156  24 206 151 213  40 255
255 255 255 255 154 235  40 255  87 255  60  40  40  40  73 255
255 255 255 255 255 255 255 255 255 255 255 255 255 255 255 255
