255 255 255 255 255 255 255 255 255 255 255 255 255 255 255 255
255   0   0   0   0   0 255   0   0   0   0   0   0   0   0 255
255   0 255 255 255   0 255   0   0 255   0 255 255 255   0 255
255   0 255   0 191   0 255   0   0 255   0 191   0 255   0 255
255   0 255 191 239   0 255 255 255   0   0 239 191 255   0 255
255   0   0   0   0   0   0 255 255   0   0   0   0   0   0 255
255   0   0 255   0   0   0   0   0 255   0 255 255 255 255 255
255   0 255   0  64 255 255 255   0 255 255 191   0 255   0 255
255   0 255   0 255 255   0   0   0 255 255  64 255   0 255 255
255 255   0   0 191   0 255 255 255 255 255 255 255   0   0 255
255   0   0   0   0   0   0 255   0   0   0   0   0   0   0 255
255   0 255 191 239   0   0 191   0  64 255  16 191 191 255 255
255   0 255   0 191   0 255 255   0   0   0   0 255   0 255 255
255   0 255 255 255   0   0   0 255 255 255   0 255   0 255 255
255   0   0   0   0   0   0 255 255 255 255 191   0   0   0 255
255 255 255 255 255 255 255 255 255 255 255 255 255 255 255 255
255 255 255 255 255 255 255 255 255 255 255 255 255 255 255 255
255   0   0   0   0   0 255   0   0   0   0   0   0   0   0 255
255   0 255 255 255   0 255   0   0 255   0 255 255 255   0 255
255   0 255   0 191   0 255   0   0 255   0 191   0 255   0 255
255   0 255 191 239   0 255 255 255   0   0 239 191 255   0 255
255   0   0   0   0   0   0 255 255   0   0   0   0   0   0 255
255   0   0 255   0   0   0   0   0 255   0 255 255 255 255 255
255   0 255   0  64 255 255 255   0 255 255 191   0 255   0 255
255   0 255   0 255 255   0   0   0 255 255  64 255   0 255 255
255 255   0   0 191   0 255 255 255 255 255 255 255   0   0 255
255   0   0   0   0   0   0 255   0   0   0   0   0   0   0 255
255   0 255 191 239   0   0 191   0  64 255  16 191 191 255 255
255   0 255   0 191   0 255 255   0   0   0   0 255   0 255 255
255   0 255 255 255   0   0   0 255 255 255   0 255   0 255 255
255   0   0   0   0   0   0 255 255 255 255 191   0   0   0 255
255 255 255 255 255 255 255 255 255 255 255 255 255 255 255 255
255 255 255 255 255 255 255 255 255 255 255 255 255 255 255 255
255   0   0   0   0   0 255   0   0   0   0   0   0   0   0 255
255   0 255 255 255   0 255   0   0 255   0 255 255 255   0 255
255   0 255   0 191   0 255   0   0 255   0 191   0 255   0 255
255   0 255 191 239   0 255 255 255   0   0 239 191 255   0 255
255   0   0   0   0   0   0 255 255   0   0   0   0   0   0 255
255   0   0 255   0   0   0   0   0 255   0 255 255 255 255 255
255   0 255   0  64 255 255 255   0 255 255 191   0 255   0 255
255   0 255   0 255 255   0   0   0 255 255  64 255   0 255 255
255 255   0   0 191   0 255 255 255 255 255 255 255   0   0 255
255   0   0   0   0   0   0 255   0   0   0   0   0   0   0 255
255   0 255 191 239   0   0 191   0  64 255  16 191 191 255 255
255   0 255   0 191   0 255 255   0   0   0   0 255   0 255 255
255   0 255 255 255   0   0   0 255 255 255   0 255   0 255 255
255   0   0   0   0   0   0 255 255 255 255 191   0   0   0 255
255 255 255 255 255 255 255 255 255 255 255 255 255 255 255 255

255 255 255 255 255 255 255 255 255 255 255 255 255 255 255 255
255  73  40  40  40  60 255  40 208  40  40 255 248 168  73 255
255  40 213 151 206  24 187 222 104 120  14 184 105 123 127 255
255  40 151   0 135  24 250  62 255 167   0 139 255 252  47 255
255  40 206 135 199  24 255 106  93 167   0  56   0   0 154 255
255  60  24  24  24  46  88 199 199 239  24 255  23 151 255 255
255 114 187 250  88  88 140 199 199 140   8 166  85 151 255 255
255  87  23  56 229 186  19  56  99 167   0   0   0 118 255 255
255  87  23  56 229 186  19 168  56 236 199 106 193   0 255 255
255 255 187 250 255  88  30 131  68 140  88  88 250  88 114 255
255  60  24  24  24  46  88 181 199  88  46  24  24  24  60 255
255  40 206 135 199  24  88 123 229 177  24 199 135 206  40 255
255  40 151   0 135  24 250  60  60  88  24 135   0 151  40 255
255  40 213 151 206  24  88 232 232  88  24 206 151 213  40 255
255  73  40  40  40  60 114  87  87 255  60  40  40  40  73 255
255 255 255 255 255 255 255 255 255 255 255 255 255 255 255 255
255 255 255 255 255 255 255 255 255 255 255 255 255 255 255 255
255  73  40  40  40  60 255  40 208  40  40 255 248 168  73 255
255  40 213 151 206  24 187 222 104 120  14 184 105 123 127 255
255  40 151   0 135  24 250  62 255 167   0 139 255 252  47 255
255  40 206 135 199  24 255 106  93 167   0  56   0   0 154 255
255  60  24  24  24  46  88 199 199 239  24 255  23 151 255 255
255 114 187 250  88  88 140 199 199 140   8 166  85 151 255 255
255  87  23  56 229 186  19  56  99 167   0   0   0 118 255 255
255  87  23  56 229 186  19 168  56 236 199 106 193   0 255 255
255 255 187 250 255  88  30 131  68 140  88  88 250  88 114 255
255  60  24  24  24  46  88 181 199  88  46  24  24  24  60 255
255  40 206 135 199  24  88 123 229 177  24 199 135 206  40 255
255  40 151   0 135  24 250  60  60  88  24 135   0 151  40 255
255  40 213 151 206  24  88 232 232  88  24 206 151 213  40 255
255  73  40  40  40  60 114  87  87 255  60  40  40  40  73 255
255 255 255 255 255 255 255 255 255 255 255 255 255 255 255 255
255 255 255 255 255 255 255 255 255 255 255 255 255 255 255 255
255  73  40  40  40  60 255  40 208  40  40 255 248 168  73 255
255  40 213 151 206  24 187 222 104 120  14 184 105 123 127 255
255  40 151   0 135  24 250  62 255 167   0 139 255 252  47 255
255  40 206 135 199  24 255 106  93 167   0  56   0   0 154 255
255  60  24  24  24  46  88 199 199 239  24 255  23 151 255 255
255 114 187 250  88  88 140 199 199 140   8 166  85 151 255 255
255  87  23  56 229 186  19  56  99 167   0   0   0 118 255 255
255  87  23  56 229 186  19 168  56 236 199 106 193   0 255 255
255 255 187 250 255  88  30 131  68 140  88  88 250  88 114 255
255  60  24  24  24  46  88 181 199  88  46  24  24  24  60 255
255  40 206 135 199  24  88 123 229 177  24 199 135 206  40 255
255  40 151   0 135  24 250  60  60  88  24 135   0 151  40 255
255  40 213 151 206  24  88 232 232  88  24 206 151 213  40 255
255  73  40  40  40  60 114  87  87 255  60  40  40  40  73 255
255 255 255 255 255 255 255 255 255 255 255 255 255 255 255 255

255 255 255 255 255 255 255 255 255 255 255 255 255 255 255 255
255  73 127  47 154 255 255 255 255 114  60  40  40  40  73 255
255 168 123 252   0 151 151 118   0  88  24 206 151 213  40 255
255 248 105 255   0  23  85   0 193 250  24 135   0 151  40 255
255 255 184 139  56 255 166   0 106  88  24 199 135 206  40 255
255  40  14   0   0  24   8   0 199  88  46  24  24  24  60 255
255  40 120 167 167 239 140 167 236 140  88 177  88  88 255 255
255 208 104 255  93 199 199  99  56  68 199 229  60 232  87 255
255  40 222  62 106 199 199  56 168 131 181 123  60 232  87 255
255 255 187 250 255  88 140  19  19  30  88  88 250  88 114 255
255  60  24  24  24  46  88 186 186  88  46  24  24  24  60 255
255  40 206 135 199  24  88 229 229 255  24 199 135 206  40 255
255  40 151   0 135  24 250  56  56 250  24 135   0 151  40 255
255  40 213 151 206  24 187  23  23 187  24 206 151 213  40 255
255  73  40  40  40  60 114  87  87 255  60  40  40  40  73 255
255 255 255 255 255 255 255 255 255 255 255 255 255 255 255 255
255 255 255 255 255 255 255 255 255 255 255 255 255 255 255 255
255  73 127  47 154 255 255 255 255 114  60  40  40  40  73 255
255 168 123 252   0 151 151 118   0  88  24 206 151 213  40 255
255 248 105 255   0  23  85   0 193 250  24 135   0 151  40 255
255 255 184 139  56 255 166   0 106  88  24 199 135 206  40 255
255  40  14   0   0  24   8   0 199  88  46  24  24  24  60 255
255  40 120 167 167 239 140 167 236 140  88 177  88  88 255 255
255 208 104 255  93 199 199  99  56  68 199 229  60 232  87 255
255  40 222  62 106 199 199  56 168 131 181 123  60 232  87 255
255 255 187 250 255  88 140  19  19  30  88  88 250  88 114 255
255  60  24  24  24  46  88 186 186  88  46  24  24  24  60 255
255  40 206 135 199  24  88 229 229 255  24 199 135 206  40 255
255  40 151   0 135  24 250  56  56 250  24 135   0 151  40 255
255  40 213 151 206  24 187  23  23 187  24 206 151 213  40 255
255  73  40  40  40  60 114  87  87 255  60  40  40  40  73 255
255 255 255 255 255 255 255 255 255 255 255 255 255 255 255 255
255 255 255 255 255 255 255 255 255 255 255 255 255 255 255 255
255  73 127  47 154 255 255 255 255 114  60  40  40  40  73 255
255 168 123 252   0 151 151 118   0  88  24 206 151 213  40 255
255 248 105 255   0  23  85   0 193 250  24 135   0 151  40 255
255 255 184 139  56 255 166   0 106  88  24 199 135 206  40 255
255  40  14   0   0  24   8   0 199  88  46  24  24  24  60 255
255  40 120 167 167 239 140 167 236 140  88 177  88  88 255 255
255 208 104 255  93 199 199  99  56  68 199 229  60 232  87 255
255  40 222  62 106 199 199  56 168 131 181 123  60 232  87 255
255 255 187 250 255  88 140  19  19  30  88  88 250  88 114 255
255  60  24  24  24  46  88 186 186  88  46  24  24  24  60 255
255  40 206 135 199  24  88 229 229 255  24 199 135 206  40 255
255  40 151   0 135  24 250  56  56 250  24 135   0 151  40 255
255  40 213 151 206  24 187  23  23 187  24 206 151 213  40 255
255  73  40  40  40  60 114  87  87 255  60  40  40  40  73 255
255 255 255 255 255 255 255 255 255 255 255 255 255 255 255 255

255 255 255 255 255 255 255 255 255 255 255 255 255 255 255 255
255  73  40  40  40  60 255  87  87 114  60  40  40  40  73 255
255  40 213 151 206  24  88 232 232  88  24 206 151 213  40 255
255  40 151   0 135  24  88  60  60 250  24 135   0 151  40 255
255  40 206 135 199  24 177 229 123  88  24 199 135 206  40 255
255  60  24  24  24  46  88 199 181  88  46  24  24  24  60 255
255 114  88 250  88  88 140  68 131  30  88 255 250 187 255 255
255 255   0 193 106 199 236  56 168  19 186 229  56  23  87 255
255 255 118   0   0   0 167  99  56  19 186 229  56  23  87 255
255 255 151  85 166   8 140 199 199 140  88  88 250 187 114 255
255 255 151  23 255  24 239 199 199  88  46  24  24  24  60 255
255 154   0   0  56   0 167  93 106 255  24 199 135 206  40 255
255  47 252 255 139   0 167 255  62 250  24 135   0 151  40 255
255 127 123 105 184  14 120 104 222 187  24 206 151 213  40 255
255  73 168 248 255  40  40 208  40 255  60  40  40  40  73 255
255 255 255 255 255 255 255 255 255 255 255 255 255 255 255 255
255 255 255 255 255 255 255 255 255 255 255 255 255 255 255 255
255  73  40  40  40  60 255  87  87 114  60  40  40  40  73 255
255  40 213 151 206  24  88 232 232  88  24 206 151 213  40 255
255  40 151   0 135  24  88  60  60 250  24 135   0 151  40 255
255  40 206 135 199  24 177 229 123  88  24 199 135 206  40 255
255  60  24  24  24  46  88 199 181  88  46  24  24  24  60 255
255 114  88 250  88  88 140  68 131  30  88 255 250 187 255 255
255 255   0 193 106 199 236  56 168  19 186 229  56  23  87 255
255 255 118   0   0   0 167  99  56  19 186 229  56  23  87 255
255 255 151  85 166   8 140 199 199 140  88  88 250 187 114 255
255 255 151  23 255  24 239 199 199  88  46  24  24  24  60 255
255 154   0   0  56   0 167  93 106 255  24 199 135 206  40 255
255  47 252 255 139   0 167 255  62 250  24 135   0 151  40 255
255 127 123 105 184  14 120 104 222 187  24 206 151 213  40 255
255  73 168 248 255  40  40 208  40 255  60  40  40  40  73 255
255 255 255 255 255 255 255 255 255 255 255 255 255 255 255 255
255 255 255 255 255 255 255 255 255 255 255 255 255 255 255 255
255  73  40  40  40  60 255  87  87 114  60  40  40  40  73 255
255  40 213 151 206  24  88 232 232  88  24 206 151 213  40 255
255  40 151   0 135  24  88  60  60 250  24 135   0 151  40 255
255  40 206 135 199  24 177 229 123  88  24 199 135 206  40 255
255  60  24  24  24  46  88 199 181  88  46  24  24  24  60 255
255 114  88 250  88  88 140  68 131  30  88 255 250 187 255 255
255 255   0 193 106 199 236  56 168  19 186 229  56  23  87 255
255 255 118   0   0   0 167  99  56  19 186 229  56  23  87 255
255 255 151  85 166   8 140 199 199 140  88  88 250 187 114 255
255 255 151  23 255  24 239 199 199  88  46  24  24  24  60 255
255 154   0   0  56   0 167  93 106 255  24 199 135 206  40 255
255  47 252 255 139   0 167 255  62 250  24 135   0 151  40 255
255 127 123 105 184  14 120 104 222 187  24 206 151 213  40 255
255  73 168 248 255  40  40 208  40 255  60  40  40  40  73 255
255 255 255 255 255 255 255 255 255 255 255 255 255 255 255 255
