255 255 255 255 255 255 255 255 255 255 255 255 255 255 255 255
255   0   0   0   0   0   0 255 255   0   0   0   0   0   0 255
255   0 255 255 255   0   0   0   0 255   0 255 255 255   0 255
255   0 255   0 191   0   0 255 255   0   0 191   0 255   0 255
255   0 255 191 239   0  64 191 255   0   0 239 191 255   0 255
255   0   0   0   0   0   0 255 255   0   0   0   0   0   0 255
255   0   0 255   0   0 255 255   0 255 255  64   0   0   0 255
255 255   0 255   0 255   0 255 255 255   0   0 255 255 255 255
255   0 255 255 191 255   0   0 255 255 255 255 255   0 255 255
255   0 255   0   0   0 255   0   0 255 255   0   0 255   0 255
255   0   0   0   0   0 255 255 255 255   0 191   0   0 255 255
255   0 255 191 239   0   0   0 191 191 255 143 255 255  64 255
255   0 255   0 191   0 255   0 255 255   0 191   0   0   0 255
255   0 255 255 255   0   0   0   0 255 255 255 255 255 255 255
255   0   0   0   0   0   0 255   0   0 255 255 255 255   0 255
255 255 255 255 255 255 255 255 255 255 255 255 255 255 255 255
255 255 255 255 255 255 255 255 255 255 255 255 255 255 255 255
255   0   0   0   0   0   0 255 255   0   0   0   0   0   0 255
255   0 255 255 255   0   0   0   0 255   0 255 255 255   0 255
255   0 255   0 191   0   0 255 255   0   0 191   0 255   0 255
255   0 255 191 239   0  64 191 255   0   0 239 191 255   0 255
255   0   0   0   0   0   0 255 255   0   0   0   0   0   0 255
255   0   0 255   0   0 255 255   0 255 255  64   0   0   0 255
255 255   0 255   0 255   0 255 255 255   0   0 255 255 255 255
255   0 255 255 191 255   0   0 255 255 255 255 255   0 255 255
255   0 255   0   0   0 255   0   0 255 255   0   0 255   0 255
255   0   0   0   0   0 255 255 255 255   0 191   0   0 255 255
255   0 255 191 239   0   0   0 191 191 255 143 255 255  64 255
255   0 255   0 191   0 255   0 255 255   0 191   0   0   0 255
255   0 255 255 255   0   0   0   0 255 255 255 255 255 255 255
255   0   0   0   0   0   0 255   0   0 255 255 255 255   0 255
255 255 255 255 255 255 255 255 255 255 255 255 255 255 255 255
255 255 255 255 255 255 255 255 255 255 255 255 255 255 255 255
255   0   0   0   0   0   0 255 255   0   0   0   0   0   0 255
255   0 255 255 255   0   0   0   0 255   0 255 255 255   0 255
255   0 255   0 191   0   0 255 255   0   0 191   0 255   0 255
255   0 255 191 239   0  64 191 255   0   0 239 191 255   0 255
255   0   0   0   0   0   0 255 255   0   0   0   0   0   0 255
255   0   0 255   0   0 255 255   0 255 255  64   0   0   0 255
255 255   0 255   0 255   0 255 255 255   0   0 255 255 255 255
255   0 255 255 191 255   0   0 255 255 255 255 255   0 255 255
255   0 255   0   0   0 255   0   0 255 255   0   0 255   0 255
255   0   0   0   0   0 255 255 255 255   0 191   0   0 255 255
255   0 255 191 239   0   0   0 191 191 255 143 255 255  64 255
255   0 255   0 191   0 255   0 255 255   0 191   0   0   0 255
255   0 255 255 255   0   0   0   0 255 255 255 255 255 255 255
255   0   0   0   0   0   0 255   0   0 255 255 255 255   0 255
255 255 255 255 255 255 255 255 255 255 255 255 255 255 255 255

255 255 255 255 255 255 255 255 255 255 255 255 255 255 255 255
255  73  40  40  40  60 114 255 255  40 235 141  47 255  73 255
255  40 213 151 206  24  88 118  81 167  94 255   8 255 255 255
255  40 151   0 135  24  88 247 253   5   7 255   8 255 255 255
255  40 206 135 199  24 166  30 229  47 135  72 135 206 255 255
255  60  24  24  24  46 255  74 236 239  24 242   1 147 235 255
255 114 187  88  88  88 197 255 187 197 176 130 170 203  40 255
255 255  33 193 199 204 124 199 243  88 204 132 255 137  87 255
255 255  33 193 106 204 255 199  87  88 204  26  56  56 255 255
255 114  88  88 166 103 255  19  88 140 239  88 255 156 114 255
255  60  24  24  24  46 103 186 204  88  46  24  24  24  60 255
255  40 206 135 199  24  88  30 135  88  24 199 135 206  40 255
255  40 151   0 135  24 255 193 199  88  24 135   0 151  40 255
255  40 213 151 206  24 156   0 199 187  24 206 151 213  40 255
255  73  40  40  40  60 114 208  40 114  60  40  40  40  73 255
255 255 255 255 255 255 255 255 255 255 255 255 255 255 255 255
255 255 255 255 255 255 255 255 255 255 255 255 255 255 255 255
255  73  40  40  40  60 114 255 255  40 235 141  47 255  73 255
255  40 213 151 206  24  88 118  81 167  94 255   8 255 255 255
255  40 151   0 135  24  88 247 253   5   7 255   8 255 255 255
255  40 206 135 199  24 166  30 229  47 135  72 135 206 255 255
255  60  24  24  24  46 255  74 236 239  24 242   1 147 235 255
255 114 187  88  88  88 197 255 187 197 176 130 170 203  40 255
255 255  33 193 199 204 124 199 243  88 204 132 255 137  87 255
255 255  33 193 106 204 255 199  87  88 204  26  56  56 255 255
255 114  88  88 166 103 255  19  88 140 239  88 255 156 114 255
255  60  24  24  24  46 103 186 204  88  46  24  24  24  60 255
255  40 206 135 199  24  88  30 135  88  24 199 135 206  40 255
255  40 151   0 135  24 255 193 199  88  24 135   0 151  40 255
255  40 213 151 206  24 156   0 199 187  24 206 151 213  40 255
255  73  40  40  40  60 114 208  40 114  60  40  40  40  73 255
255 255 255 255 255 255 255 255 255 255 255 255 255 255 255 255
255 255 255 255 255 255 255 255 255 255 255 255 255 255 255 255
255  73  40  40  40  60 114 255 255  40 235 141  47 255  73 255
255  40 213 151 206  24  88 118  81 167  94 255   8 255 255 255
255  40 151   0 135  24  88 247 253   5   7 255   8 255 255 255
255  40 206 135 199  24 166  30 229  47 135  72 135 206 255 255
255  60  24  24  24  46 255  74 236 239  24 242   1 147 235 255
255 114 187  88  88  88 197 255 187 197 176 130 170 203  40 255
255 255  33 193 199 204 124 199 243  88 204 132 255 137  87 255
255 255  33 193 106 204 255 199  87  88 204  26  56  56 255 255
255 114  88  88 166 103 255  19  88 140 239  88 255 156 114 255
255  60  24  24  24  46 103 186 204  88  46  24  24  24  60 255
255  40 206 135 199  24  88  30 135  88  24 199 135 206  40 255
255  40 151   0 135  24 255 193 199  88  24 135   0 151  40 255
255  40 213 151 206  24 156   0 199 187  24 206 151 213  40 255
255  73  40  40  40  60 114 208  40 114  60  40  40  40  73 255
255 255 255 255 255 255 255 255 255 255 255 255 255 255 255 255

255 255 255 255 255 255 255 255 255 255 255 255 255 255 255 255
255  73 255 255 255 235  40  87 255 114  60  40  40  40  73 255
255 255 255 255 206 147 203 137  56 156  24 206 151 213  40 255
255  47   8   8 135   1 170 255  56 255  24 135   0 151  40 255
255 141 255 255  72 242 130 132  26  88  24 199 135 206  40 255
255 235  94   7 135  24 176 204 204 239  46  24  24  24  60 255
255  40 167   5  47 239 197  88  88 140  88  88  88 187 114 255
255 255  81 253 229 236 187 243  87  88 204 135 199 199  40 255
255 255 118 247  30  74 255 199 199  19 186  30 193   0 208 255
255 114  88  88 166 255 197 124 255 255 103  88 255 156 114 255
255  60  24  24  24  46  88 204 204 103  46  24  24  24  60 255
255  40 206 135 199  24  88 199 106 166  24 199 135 206  40 255
255  40 151   0 135  24  88 193 193  88  24 135   0 151  40 255
255  40 213 151 206  24 187  33  33  88  24 206 151 213  40 255
255  73  40  40  40  60 114 255 255 114  60  40  40  40  73 255
255 255 255 255 255 255 255 255 255 255 255 255 255 255 255 255
255 255 255 255 255 255 255 255 255 255 255 255 255 255 255 255
255  73 255 255 255 235  40  87 255 114  60  40  40  40  73 255
255 255 255 255 206 147 203 137  56 156  24 206 151 213  40 255
255  47   8   8 135   1 170 255  56 255  24 135   0 151  40 255
255 141 255 255  72 242 130 132  26  88  24 199 135 206  40 255
255 235  94   7 135  24 176 204 204 239  46  24  24  24  60 255
255  40 167   5  47 239 197  88  88 140  88  88  88 187 114 255
255 255  81 253 229 236 187 243  87  88 204 135 199 199  40 255
255 255 118 247  30  74 255 199 199  19 186  30 193   0 208 255
255 114  88  88 166 255 197 124 255 255 103  88 255 156 114 255
255  60  24  24  24  46  88 204 204 103  46  24  24  24  60 255
255  40 206 135 199  24  88 199 106 166  24 199 135 206  40 255
255  40 151   0 135  24  88 193 193  88  24 135   0 151  40 255
255  40 213 151 206  24 187  33  33  88  24 206 151 213  40 255
255  73  40  40  40  60 114 255 255 114  60  40  40  40  73 255
255 255 255 255 255 255 255 255 255 255 255 255 255 255 255 255
255 255 255 255 255 255 255 255 255 255 255 255 255 255 255 255
255  73 255 255 255 235  40  87 255 114  60  40  40  40  73 255
255 255 255 255 206 147 203 137  56 156  24 206 151 213  40 255
255  47   8   8 135   1 170 255  56 255  24 135   0 151  40 255
255 141 255 255  72 242 130 132  26  88  24 199 135 206  40 255
255 235  94   7 135  24 176 204 204 239  46  24  24  24  60 255
255  40 167   5  47 239 197  88  88 140  88  88  88 187 114 255
255 255  81 253 229 236 187 243  87  88 204 135 199 199  40 255
255 255 118 247  30  74 255 199 199  19 186  30 193   0 208 255
255 114  88  88 166 255 197 124 255 255 103  88 255 156 114 255
255  60  24  24  24  46  88 204 204 103  46  24  24  24  60 255
255  40 206 135 199  24  88 199 106 166  24 199 135 206  40 255
255  40 151   0 135  24  88 193 193  88  24 135   0 151  40 255
255  40 213 151 206  24 187  33  33  88  24 206 151 213  40 255
255  73  40  40  40  60 114 255 255 114  60  40  40  40  73 255
255 255 255 255 255 255 255 255 255 255 255 255 255 255 255 255

255 255 255 255 255 255 255 255 255 255 255 255 255 255 255 255
255  73  40  40  40  60 114  40 208 114  60  40  40  40  73 255
255  40 213 151 206  24 187 199   0 156  24 206 151 213  40 255
255  40 151   0 135  24  88 199 193 255  24 135   0 151  40 255
255  40 206 135 199  24  88 135  30  88  24 199 135 206  40 255
255  60  24  24  24  46  88 204 186 103  46  24  24  24  60 255
255 114 156 255  88 239 140  88  19 255 103 166  88  88 114 255
255 255  56  56  26 204  88  87 199 255 204 106 193  33 255 255
255  87 137 255 132 204  88 243 199 124 204 199 193  33 255 255
255  40 203 170 130 176 197 187 255 197  88  88  88 187 114 255
255 235 147   1 242  24 239 236  74 255  46  24  24  24  60 255
255 255 206 135  72 135  47 229  30 166  24 199 135 206  40 255
255 255 255   8 255   7   5 253 247  88  24 135   0 151  40 255
255 255 255   8 255  94 167  81 118  88  24 206 151 213  40 255
255  73 255  47 141 235  40 255 255 114  60  40  40  40  73 255
255 255 255 255 255 255 255 255 255 255 255 255 255 255 255 255
255 255 255 255 255 255 255 255 255 255 255 255 255 255 255 255
255  73  40  40  40  60 114  40 208 114  60  40  40  40  73 255
255  40 213 151 206  24 187 199   0 156  24 206 151 213  40 255
255  40 151   0 135  24  88 199 193 255  24 135   0 151  40 255
255  40 206 135 199  24  88 135  30  88  24 199 135 206  40 255
255  60  24  24  24  46  88 204 186 103  46  24  24  24  60 255
255 114 156 255  88 239 140  88  19 255 103 166  88  88 114 255
255 255  56  56  26 204  88  87 199 255 204 106 193  33 255 255
255  87 137 255 132 204  88 243 199 124 204 199 193  33 255 255
255  40 203 170 130 176 197 187 255 197  88  88  88 187 114 255
255 235 147   1 242  24 239 236  74 255  46  24  24  24  60 255
255 255 206 135  72 135  47 229  30 166  24 199 135 206  40 255
255 255 255   8 255   7   5 253 247  88  24 135   0 151  40 255
255 255 255   8 255  94 167  81 118  88  24 206 151 213  40 255
255  73 255  47 141 235  40 255 255 114  60  40  40  40  73 255
255 255 255 255 255 255 255 255 255 255 255 255 255 255 255 255
255 255 255 255 255 255 255 255 255 255 255 255 255 255 255 255
255  73  40  40  40  60 114  40 208 114  60  40  40  40  73 255
255  40 213 151 206  24 187 199   0 156  24 206 151 213  40 255
255  40 151   0 135  24  88 199 193 255  24 135   0 151  40 255
255  40 206 135 199  24  88 135  30  88  24 199 135 206  40 255
255  60  24  24  24  46  88 204 186 103  46  24  24  24  60 255
255 114 156 255  88 239 140  88  19 255 103 166  88  88 114 255
255 255  56  56  26 204  88  87 199 255 204 106 193  33 255 255
255  87 137 255 132 204  88 243 199 124 204 199 193  33 255 255
255  40 203 170 130 176 197 187 255 197  88  88  88 187 114 255
255 235 147   1 242  24 239 236  74 255  46  24  24  24  60 255
255 255 206 135  72 135  47 229  30 166  24 199 135 206  40 255
255 255 255   8 255   7   5 253 247  88  24 135   0 151  40 255
255 255 255   8 255  94 167  81 118  88  24 206 151 213  40 255
255  73 255  47 141 235  40 255 255 114  60  40  40  40  73 255
255 255 255 255 255 255 255 255 255 255 255 255 255 255 255 255
